128           255           0           
123           255           0           
119           255           0           
114           255           0           
110           255           0           
105           255           0           
101           255           0           
96           255           0           
92           255           0           
87           255           0           
83           255           0           
78           255           0           
74           255           0           
69           255           0           
65           255           0           
60           255           0           
56           255           0           
51           255           0           
47           255           0           
42           255           0           
38           255           0           
33           255           0           
29           255           0           
24           255           0           
20           255           0           
15           255           0           
11           255           0           
6           255           0           
2           255           0           
0           255           2           
0           255           7           
0           255           11           
0           255           16           
0           255           20           
0           255           25           
0           255           29           
0           255           34           
0           255           38           
0           255           43           
0           255           47           
0           255           52           
0           255           56           
0           255           61           
0           255           65           
0           255           70           
0           255           74           
0           255           79           
0           255           83           
0           255           88           
0           255           92           
0           255           97           
0           255           101           
0           255           106           
0           255           110           
0           255           115           
0           255           119           
0           255           124           
0           255           128           
0           255           132           
0           255           137           
0           255           141           
0           255           146           
0           255           150           
0           255           155           
0           255           159           
0           255           164           
0           255           168           
0           255           173           
0           255           177           
0           255           182           
0           255           186           
0           255           191           
0           255           195           
0           255           200           
0           255           204           
0           255           209           
0           255           213           
0           255           218           
0           255           222           
0           255           227           
0           255           231           
0           255           236           
0           255           240           
0           255           245           
0           255           249           
0           255           254           
0           252           255           
0           248           255           
0           243           255           
0           239           255           
0           234           255           
0           230           255           
0           225           255           
0           221           255           
0           216           255           
0           212           255           
0           207           255           
0           203           255           
0           198           255           
0           194           255           
0           189           255           
0           185           255           
0           180           255           
0           176           255           
0           171           255           
0           167           255           
0           162           255           
0           158           255           
0           153           255           
0           149           255           
0           144           255           
0           140           255           
0           135           255           
0           131           255           
0           127           255           
0           122           255           
0           118           255           
0           113           255           
0           109           255           
0           104           255           
0           100           255           
0           95           255           
0           91           255           
0           86           255           
0           82           255           
0           77           255           
0           73           255           
0           68           255           
0           64           255           
0           59           255           
0           55           255           
0           50           255           
0           46           255           
0           41           255           
0           37           255           
0           32           255           
0           28           255           
0           23           255           
0           19           255           
0           14           255           
0           10           255           
0           5           255           
0           1           255           
3           0           255           
8           0           255           
12           0           255           
17           0           255           
21           0           255           
26           0           255           
30           0           255           
35           0           255           
39           0           255           
44           0           255           
48           0           255           
53           0           255           
57           0           255           
62           0           255           
66           0           255           
71           0           255           
75           0           255           
80           0           255           
84           0           255           
89           0           255           
93           0           255           
98           0           255           
102           0           255           
107           0           255           
111           0           255           
116           0           255           
120           0           255           
125           0           255           
129           0           255           
133           0           255           
138           0           255           
142           0           255           
147           0           255           
151           0           255           
156           0           255           
160           0           255           
165           0           255           
169           0           255           
174           0           255           
178           0           255           
183           0           255           
187           0           255           
192           0           255           
196           0           255           
201           0           255           
205           0           255           
210           0           255           
214           0           255           
219           0           255           
223           0           255           
228           0           255           
232           0           255           
237           0           255           
241           0           255           
246           0           255           
250           0           255           
255           0           255           
255           0           251           
255           0           247           
255           0           242           
255           0           238           
255           0           233           
255           0           229           
255           0           224           
255           0           220           
255           0           215           
255           0           211           
255           0           206           
255           0           202           
255           0           197           
255           0           193           
255           0           188           
255           0           184           
255           0           179           
255           0           175           
255           0           170           
255           0           166           
255           0           161           
255           0           157           
255           0           152           
255           0           148           
255           0           143           
255           0           139           
255           0           134           
255           0           130           
255           0           126           
255           0           121           
255           0           117           
255           0           112           
255           0           108           
255           0           103           
255           0           99           
255           0           94           
255           0           90           
255           0           85           
255           0           81           
255           0           76           
255           0           72           
255           0           67           
255           0           63           
255           0           58           
255           0           54           
255           0           49           
255           0           45           
255           0           40           
255           0           36           
255           0           31           
255           0           27           
255           0           22           
255           0           18           
255           0           13           
255           0           9           
255           0           4           
