       255       255       255
       252       252       252
       252       252       252
       252       252       252
       249       249       249
       249       249       249
       243       243       243
       243       243       243
       243       243       243
       237       237       237
       237       237       237
       230       230       230
       230       230       230
       224       224       224
       224       224       224
       218       218       218
       218       218       218
       218       218       218
       212       212       212
       212       212       212
       207       207       207
       207       207       207
       201       201       201
       201       201       201
       201       201       201
       195       195       195
       195       195       195
       195       195       195
       195       195       195
       190       190       190
       190       190       190
       190       190       190
       185       185       185
       185       185       185
       179       179       179
       179       179       179
       174       174       174
       174       174       174
       169       169       169
       169       169       169
       169       169       169
       164       164       164
       164       164       164
       159       159       159
       159       159       159
       154       154       154
       154       154       154
       154       154       154
       150       150       150
       150       150       150
       147       147       147
       147       147       147
       145       145       145
       145       145       145
       145       145       145
       141       141       141
       141       141       141
       136       136       136
       136       136       136
       132       132       132
       132       132       132
       128       128       128
       128       128       128
       128       128       128
       124       124       124
       124       124       124
       120       120       120
       120       120       120
       116       116       116
       116       116       116
       116       116       116
       112       112       112
       112       112       112
       108       108       108
       108       108       108
       107       107       107
       107       107       107
       107       107       107
       104       104       104
       104       104       104
       101       101       101
       101       101       101
        97        97        97
        97        97        97
        94        94        94
        94        94        94
        94        94        94
        91        91        91
        91        91        91
        87        87        87
        87        87        87
        84        84        84
        84        84        84
        84        84        84
        81        81        81
        81        81        81
        78        78        78
        78        78        78
        76        76        76
        76        76        76
        76        76        76
        75        75        75
        75        75        75
        72        72        72
        72        72        72
        69        69        69
        69        69        69
        67        67        67
        67        67        67
        67        67        67
        64        64        64
        64        64        64
        61        61        61
        61        61        61
        59        59        59
        59        59        59
        59        59        59
        56        56        56
        56        56        56
        54        54        54
        54        54        54
        52        52        52
        52        52        52
        52        52        52
        51        51        51
        51        51        51
        49        49        49
        49        49        49
        47        47        47
        47        47        47
        46        46        46
        46        46        46
        46        46        46
        45        45        45
        45        45        45
        43        43        43
        43        43        43
        41        41        41
        41        41        41
        41        41        41
        39        39        39
        39        39        39
        37        37        37
        37        37        37
        35        35        35
        35        35        35
        35        35        35
        34        34        34
        34        34        34
        32        32        32
        32        32        32
        32        32        32
        32        32        32
        32        32        32
        30        30        30
        30        30        30
        29        29        29
        29        29        29
        27        27        27
        27        27        27
        26        26        26
        26        26        26
        26        26        26
        24        24        24
        24        24        24
        23        23        23
        23        23        23
        22        22        22
        22        22        22
        22        22        22
        20        20        20
        20        20        20
        19        19        19
        19        19        19
        19        19        19
        19        19        19
        19        19        19
        18        18        18
        18        18        18
        17        17        17
        17        17        17
        16        16        16
        16        16        16
        15        15        15
        15        15        15
        15        15        15
        14        14        14
        14        14        14
        13        13        13
        13        13        13
        12        12        12
        12        12        12
        12        12        12
        11        11        11
        11        11        11
        10        10        10
        10        10        10
        10        10        10
        10        10        10
        10        10        10
         9         9         9
         9         9         9
         9         9         9
         9         9         9
         8         8         8
         8         8         8
         7         7         7
         7         7         7
         7         7         7
         7         7         7
         7         7         7
         6         6         6
         6         6         6
         6         6         6
         6         6         6
         6         6         6
         5         5         5
         5         5         5
         5         5         5
         5         5         5
         5         5         5
         4         4         4
         4         4         4
         4         4         4
         4         4         4
         4         4         4
         3         3         3
         3         3         3
         3         3         3
         3         3         3
         3         3         3
         3         3         3
         3         3         3
         2         2         2
         2         2         2
         2         2         2
         2         2         2
         2         2         2
         2         2         2
         2         2         2
         1         1         1
         1         1         1
         1         1         1
         1         1         1
         1         1         1
         1         1         1
         1         1         1
         1         1         1
         1         1         1
         0         0         0
         0         0         0
         0         0         0
         0         0         0
         0         0         0
         0         0         0
         0         0         0
